1.1512155532836914
0.2746054530143738
0.451721727848053
0.21668413281440735
0.17355427145957947
0.15181928873062134
0.18821600079536438
0.14087706804275513
0.12284670025110245
0.30606621503829956
0.16088399291038513
0.1958598494529724
0.10681217908859253
0.0767284631729126
0.1554010808467865
0.08883671462535858
0.1168234720826149
0.058055952191352844
0.1740068793296814
0.38159164786338806
0.05700349435210228
0.046126581728458405
0.039766743779182434
0.09959553182125092
0.11059963703155518
1.2683457136154175
0.24041052162647247
0.23386138677597046
0.1844668835401535
0.16736802458763123
0.15071427822113037
0.08026804029941559
0.1898198425769806
0.10444866865873337
0.09026193618774414
0.10852516442537308
0.06757277250289917
0.1008736863732338
0.08286313712596893
0.122414231300354
0.06590330600738525
0.0818459540605545
0.05596406012773514
0.06801781058311462
0.09044972062110901
0.09635046124458313
0.12474127113819122
0.0625033900141716
0.043970003724098206
0.5593770742416382
